0.0814153 -0.0128345 -0.00735669 -0.0773668 0.0289277 0.0403804 -0.0524188 0.0130833

0.0191711 -0.00453355 -0.055895 0.00616857 0.0616118 -0.0129128 0.0531393 -0.0796543

-0.0430477 -0.0862854 -0.0837546 0.0777685 -0.0126731 -0.00842015 -0.0342837 -0.0204482

-0.0575814 0.0763268 0.0241838 0.0384823 -0.0269105 -0.0714985 0.0480282 0.0341077

0.0352052 -0.0750394 0.0855192 -0.0353132 0.022188 0.0572382 -0.0771973 0.0596614

0.0428028 0.0485865 0.042928 0.0060553 -0.00754466 -0.0234721 -0.0541948 -0.0676968

0.0682831 -0.0314128 0.0139595 0.0692088 0.049734 -0.0741906 0.0650486 0.0815184 

-0.0403786 0.0662361 -0.0296611 0.0011069 -0.035914 0.0212244 -0.0114293 0.061943

-0.0226232 -0.00168517 -0.0234906 0.0227513 -0.0436545 -0.0391379 0.0590556 0.000999535

0.0693959 0.0620974 -0.0337711 -0.0160563 -0.03047 0.0570769 0.0103623 -0.0122175